[
    {
        "id": "TFvUrGF_P1",
        "points": [
            [20.845, 75.243],
            [21.974, 75.221],
            [21.903, 73.899],
            [20.845, 73.854]
        ]
    },
    {
        "id": "QzRfWlX59Z",
        "points": [
            [21.18, 73.787],
            [21.498, 73.809],
            [21.533, 70.674],
            [21.382, 70.646],
            [21.286, 70.629]
        ]
    },
    {
        "id": "eeFlPPKtVB",
        "points": [
            [21.656, 70.584],
            [21.797, 70.36],
            [21.85, 70.114],
            [21.797, 69.755],
            [21.639, 69.599],
            [21.427, 69.531],
            [21.268, 69.509],
            [21.127, 69.554],
            [21.004, 69.755],
            [20.969, 70.002],
            [20.969, 70.181],
            [21.022, 70.338],
            [21.127, 70.472],
            [21.268, 70.562]
        ]
    },
    {
        "id": "XVkvAOokf4",
        "points": [
            [20.459, 70.668],
            [19.952, 70.002],
            [20.404, 69.439],
            [20.359, 69.289],
            [19.889, 69.875],
            [19.409, 69.358],
            [19.319, 69.439],
            [19.762, 69.967],
            [19.355, 70.611],
            [19.427, 70.737],
            [19.871, 70.151],
            [20.323, 70.737]
        ]
    },
    {
        "id": "nWAC1UHFpC",
        "points": [
            [20.945, 70.248],
            [20.186, 70.248],
            [19.996, 70.006],
            [20.086, 69.868],
            [20.955, 69.857]
        ]
    },
    {
        "id": "9ma3C7IVfm",
        "points": [
            [21.868, 70.213],
            [21.85, 69.868],
            [34.295, 69.826],
            [34.572, 69.81],
            [45.133, 68.892],
            [50.937, 68.663],
            [51.298, 68.678],
            [51.298, 68.984],
            [50.973, 69.015],
            [45.385, 69.183],
            [45.096, 69.183],
            [34.572, 70.162],
            [34.283, 70.162]
        ]
    },
    {
        "id": "vfxhHtAW5P",
        "points": [
            [34.572, 69.749],
            [34.572, 67.776],
            [34.283, 67.76],
            [34.307, 69.764]
        ]
    },
    {
        "id": "Wbr5pSGFaF",
        "points": [
            [34.596, 67.699],
            [34.777, 67.531],
            [34.825, 67.317],
            [34.825, 67.072],
            [34.789, 66.873],
            [34.704, 66.735],
            [34.608, 66.689],
            [34.415, 66.613],
            [34.211, 66.628],
            [34.03, 66.796],
            [33.958, 67.072],
            [33.994, 67.347],
            [34.066, 67.516],
            [34.199, 67.638],
            [34.379, 67.684]
        ]
    },
    {
        "id": "SLAHHt5UNa",
        "points": [
            [33.958, 67.378],
            [32.26, 67.393],
            [32.248, 66.98],
            [33.922, 66.934]
        ]
    },
    {
        "id": "ZhtEBgvi7Z",
        "points": [
            [32.248, 67.913],
            [32.26, 66.582],
            [31.14, 66.552],
            [31.128, 67.898]
        ]
    },
    {
        "id": "gVjX9eNSKs",
        "points": [
            [34.56, 66.521],
            [34.536, 65.97],
            [34.415, 65.756],
            [34.247, 66.016],
            [34.211, 66.582]
        ]
    },
    {
        "id": "Zq-fxbDlcY",
        "points": [
            [34.885, 66.429],
            [35.005, 66.368],
            [34.524, 65.68],
            [34.933, 65.083],
            [34.849, 64.945],
            [34.391, 65.542],
            [33.958, 65.037],
            [33.837, 65.114],
            [34.283, 65.68],
            [33.91, 66.307],
            [33.982, 66.399],
            [34.199, 66.077],
            [34.415, 65.71]
        ]
    },
    {
        "id": "gPO9l6fT-t",
        "points": [
            [41.351, 72.901],
            [42.435, 72.885],
            [42.459, 71.524],
            [41.388, 71.478]
        ]
    },
    {
        "id": "WBLxDIpp32",
        "points": [
            [42.507, 72.38],
            [44.747, 72.335],
            [44.771, 71.952],
            [42.507, 71.998]
        ]
    },
    {
        "id": "OX9wp4M_8W",
        "points": [
            [44.771, 72.35],
            [44.916, 72.533],
            [45.06, 72.671],
            [45.253, 72.625],
            [45.377, 72.58],
            [45.506, 72.533],
            [45.65, 72.35],
            [45.723, 72.151],
            [45.723, 71.876],
            [45.578, 71.692],
            [45.422, 71.585],
            [45.205, 71.524],
            [45.024, 71.57],
            [44.892, 71.677],
            [44.783, 71.891],
            [44.783, 72.059]
        ]
    },
    {
        "id": "jBFcPvLQ7x",
        "points": [
            [45.397, 73.727],
            [45.218, 74.025],
            [45.024, 73.818],
            [45.06, 72.748],
            [45.385, 72.564]
        ]
    },
    {
        "id": "gH22XT9QDo",
        "points": [
            [45.602, 73.421],
            [45.711, 73.497],
            [45.313, 74.124],
            [45.759, 74.736],
            [45.674, 74.859],
            [45.181, 74.308],
            [44.735, 74.813],
            [44.699, 74.752],
            [45.072, 74.216],
            [44.627, 73.574],
            [44.735, 73.436],
            [45.169, 74.033]
        ]
    },
    {
        "id": "ura3KAF87g",
        "points": [
            [44.037, 76.129],
            [44.217, 75.976],
            [44.326, 75.7],
            [44.326, 75.394],
            [44.217, 75.211],
            [44.049, 75.058],
            [43.796, 75.012],
            [43.615, 75.088],
            [43.471, 75.333],
            [43.471, 75.562],
            [43.459, 75.761],
            [43.543, 75.976],
            [43.724, 76.098],
            [43.868, 76.129]
        ]
    },
    {
        "id": "cGZGUvWMwJ",
        "points": [
            [46.867, 76.297],
            [46.963, 76.19],
            [46.493, 75.578],
            [46.891, 75.027],
            [46.867, 74.874],
            [46.421, 75.44],
            [45.951, 74.859],
            [45.807, 75.012],
            [46.289, 75.608],
            [45.879, 76.19],
            [45.963, 76.312],
            [46.361, 75.746]
        ]
    },
    {
        "id": "NcU3w3G7LU",
        "points": [
            [43.688, 76.19],
            [44.037, 76.19],
            [44.013, 77.842],
            [43.688, 77.811]
        ]
    },
    {
        "id": "EjppxUXiI1",
        "points": [
            [43.242, 77.842],
            [44.374, 77.857],
            [44.398, 79.295],
            [43.254, 79.265]
        ]
    },
    {
        "id": "xqhf-qoZ-A",
        "points": [
            [44.338, 75.777],
            [46.06, 75.807],
            [46.216, 75.608],
            [46.072, 75.409],
            [44.374, 75.394]
        ]
    },
    {
        "id": "xacsfnkfBG",
        "points": [
            [46.686, 75.746],
            [48.023, 75.807],
            [48.047, 75.409],
            [46.65, 75.409],
            [46.541, 75.547]
        ]
    },
    {
        "id": "IEI-zSOKyA",
        "points": [
            [48.275, 76.205],
            [48.48, 76.236],
            [48.601, 76.236],
            [48.709, 76.205],
            [48.853, 76.067],
            [48.962, 75.853],
            [48.95, 75.501],
            [48.805, 75.256],
            [48.625, 75.088],
            [48.408, 75.104],
            [48.191, 75.256],
            [48.155, 75.409],
            [48.059, 75.624],
            [48.059, 75.807],
            [48.095, 75.914],
            [48.155, 76.067]
        ]
    },
    {
        "id": "iZBa7A5PrP",
        "points": [
            [48.312, 76.251],
            [48.637, 76.251],
            [48.637, 78.209],
            [48.3, 78.224]
        ]
    },
    {
        "id": "bBujZcvdMT",
        "points": [
            [47.878, 78.255],
            [49.094, 78.255],
            [49.058, 79.678],
            [47.902, 79.647]
        ]
    },
    {
        "id": "mvsKvW4HZr",
        "points": [
            [48.986, 75.838],
            [50.804, 75.853],
            [50.901, 75.685],
            [50.732, 75.425],
            [48.962, 75.425]
        ]
    },
    {
        "id": "EdiBlBtTk5",
        "points": [
            [50.648, 76.327],
            [51.045, 75.838],
            [51.527, 76.389],
            [51.623, 76.297],
            [51.117, 75.654],
            [51.587, 75.042],
            [51.491, 74.905],
            [51.021, 75.517],
            [50.587, 74.966],
            [50.503, 75.073],
            [50.937, 75.654],
            [50.503, 76.251]
        ]
    },
    {
        "id": "Dyi6zD3Irx",
        "points": [
            [55.211, 74.583],
            [51.394, 68.999],
            [51.214, 69.015],
            [51.214, 69.214],
            [54.645, 74.186],
            [54.742, 74.14]
        ]
    },
    {
        "id": "Kz6KbcUlAM",
        "points": [
            [54.677, 74.236],
            [54.734, 74.174],
            [55.228, 74.696],
            [55.623, 74.08],
            [55.787, 74.205],
            [55.294, 74.822],
            [55.787, 75.407],
            [55.721, 75.532],
            [55.252, 74.926],
            [54.8, 75.469],
            [54.685, 75.354],
            [55.129, 74.811]
        ]
    },
    {
        "id": "pVxbf6t5ms",
        "points": [
            [55.23, 74.994],
            [55.399, 75.184],
            [55.29, 77.637],
            [54.981, 77.637],
            [55.051, 75.222]
        ]
    },
    {
        "id": "yFIa_kA_fQ",
        "points": [
            [55.111, 77.687],
            [55.26, 77.7],
            [55.429, 77.751],
            [55.499, 77.89],
            [55.548, 78.092],
            [55.548, 78.307],
            [55.469, 78.496],
            [55.379, 78.598],
            [55.25, 78.623],
            [55.081, 78.673],
            [54.892, 78.623],
            [54.832, 78.484],
            [54.772, 78.218],
            [54.782, 77.953],
            [54.921, 77.776]
        ]
    },
    {
        "id": "5lG4WCV3PE",
        "points": [
            [53.588, 78.256],
            [54.742, 78.244],
            [54.782, 77.801],
            [53.578, 77.801]
        ]
    },
    {
        "id": "wn7HO_mvZz",
        "points": [
            [52.414, 78.711],
            [53.528, 78.686],
            [53.518, 77.308],
            [52.443, 77.283]
        ]
    },
    {
        "id": "jCtqD3NfAl",
        "points": [
            [55.22, 78.737],
            [55.031, 83.705],
            [54.882, 83.845],
            [54.762, 83.705],
            [54.951, 78.711]
        ]
    },
    {
        "id": "YZzI0llVqD",
        "points": [
            [54.892, 83.87],
            [55.33, 83.25],
            [55.389, 83.415],
            [54.971, 83.984],
            [55.479, 84.654],
            [55.359, 84.717],
            [54.882, 84.161],
            [54.414, 84.704],
            [54.384, 84.515],
            [54.762, 84.022],
            [54.374, 83.465],
            [54.434, 83.326]
        ]
    },
    {
        "id": "agHamg6OTs",
        "points": [
            [54.563, 84.199],
            [54.712, 84.009],
            [54.563, 83.807],
            [47.448, 83.528],
            [47.428, 83.883]
        ]
    },
    {
        "id": "AfbNuoSVoY",
        "points": [
            [46.88, 83.099],
            [47.089, 83.086],
            [47.249, 83.2],
            [47.338, 83.389],
            [47.388, 83.642],
            [47.308, 83.92],
            [47.149, 84.135],
            [47.0, 84.211],
            [46.861, 84.199],
            [46.701, 84.123],
            [46.582, 83.971],
            [46.502, 83.731],
            [46.492, 83.516],
            [46.552, 83.364],
            [46.671, 83.174]
        ]
    },
    {
        "id": "cbT01HMKR9",
        "points": [
            [76.758, 12.088],
            [76.834, 12.255],
            [76.966, 12.394],
            [77.086, 12.422],
            [77.283, 12.422],
            [77.393, 12.408],
            [77.546, 12.325],
            [77.59, 12.172],
            [77.655, 11.977],
            [77.655, 11.629],
            [77.491, 11.476],
            [77.316, 11.379],
            [77.086, 11.337],
            [76.987, 11.449],
            [76.867, 11.546],
            [76.823, 11.727],
            [76.79, 11.908]
        ]
    },
    {
        "id": "ZvDGzAX1td",
        "points": [
            [77.677, 12.13],
            [78.137, 12.214],
            [78.137, 11.921],
            [77.688, 11.81]
        ]
    },
    {
        "id": "MfEiJUGHa3",
        "points": [
            [78.181, 11.449],
            [78.148, 12.839],
            [79.319, 12.895],
            [79.286, 11.476]
        ]
    },
    {
        "id": "xlHA7WVuR7",
        "points": [
            [78.345, 10.169],
            [78.323, 11.629],
            [79.451, 11.629],
            [79.462, 10.197]
        ]
    },
    {
        "id": "IquNkEaXSU",
        "points": [
            [77.655, 10.976],
            [78.279, 11.087],
            [78.301, 10.684],
            [77.721, 10.6]
        ]
    },
    {
        "id": "DHF8_MtcqQ",
        "points": [
            [77.064, 10.183],
            [77.261, 10.169],
            [77.393, 10.183],
            [77.491, 10.336],
            [77.611, 10.489],
            [77.644, 10.739],
            [77.59, 11.031],
            [77.48, 11.24],
            [77.349, 11.296],
            [77.217, 11.31],
            [77.02, 11.268],
            [76.834, 11.101],
            [76.736, 10.837],
            [76.758, 10.517],
            [76.9, 10.239]
        ]
    },
    {
        "id": "wAljKDRqtO",
        "points": [
            [76.068, 10.725],
            [76.703, 10.837],
            [76.736, 10.461],
            [76.243, 10.489]
        ]
    },
    {
        "id": "mZgswitEOw",
        "points": [
            [75.937, 10.851],
            [75.915, 11.476],
            [75.619, 11.254],
            [75.619, 11.073]
        ]
    },
    {
        "id": "j5v67ekNxE",
        "points": [
            [75.444, 9.905],
            [75.488, 11.143],
            [76.166, 10.517]
        ]
    },
    {
        "id": "dwgqyEh742",
        "points": [
            [79.549, 7.707],
            [79.549, 9.223],
            [80.677, 9.209],
            [80.666, 7.735]
        ]
    },
    {
        "id": "RUuU95Mu-b",
        "points": [
            [78.465, 8.486],
            [79.483, 8.584],
            [79.516, 8.18],
            [78.542, 8.097]
        ]
    },
    {
        "id": "UYicR6EVzw",
        "points": [
            [77.852, 7.666],
            [78.181, 7.707],
            [78.367, 7.791],
            [78.476, 8.069],
            [78.465, 8.333],
            [78.411, 8.556],
            [78.279, 8.778],
            [78.071, 8.834],
            [77.852, 8.806],
            [77.622, 8.584],
            [77.59, 8.389],
            [77.59, 8.055],
            [77.655, 7.86]
        ]
    },
    {
        "id": "PJfqofk5Kh",
        "points": [
            [77.02, 8.222],
            [77.546, 8.292],
            [77.579, 7.958],
            [77.119, 7.888]
        ]
    },
    {
        "id": "YeRwZifkHR",
        "points": [
            [76.44, 8.598],
            [76.987, 8.153],
            [77.097, 7.874],
            [76.44, 7.374]
        ]
    },
    {
        "id": "TtOZF8jWCq",
        "points": [
            [76.046, 10.322],
            [76.309, 7.86],
            [75.641, 7.777],
            [75.871, 7.986],
            [75.641, 8.194],
            [76.002, 8.236],
            [75.74, 10.113]
        ]
    },
    {
        "id": "gw5SoBzKpB",
        "points": [
            [74.59, 7.304],
            [74.634, 8.723],
            [74.919, 8.681],
            [75.345, 8.417],
            [75.783, 7.958],
            [75.094, 7.332]
        ]
    },
    {
        "id": "jTAPqB2NG_",
        "points": [
            [74.864, 7.123],
            [74.864, 7.262],
            [75.094, 7.304],
            [75.608, 7.707],
            [75.608, 7.165]
        ]
    },
    {
        "id": "eEgJmRkNPV",
        "points": [
            [74.754, 6.247],
            [74.765, 7.096],
            [75.75, 7.082],
            [75.74, 6.261]
        ]
    },
    {
        "id": "UjMEdbuA9_",
        "points": [
            [65.957, 70.828],
            [65.923, 72.084],
            [66.681, 71.449]
        ]
    },
    {
        "id": "vug3fL3MpN",
        "points": [
            [66.479, 71.699],
            [67.131, 71.884],
            [67.215, 71.528],
            [66.732, 71.449]
        ]
    },
    {
        "id": "fMgwd6Um5W",
        "points": [
            [67.215, 72.027],
            [67.299, 72.256],
            [67.406, 72.341],
            [67.558, 72.427],
            [67.743, 72.441],
            [67.945, 72.313],
            [68.029, 72.127],
            [68.063, 72.027],
            [68.074, 71.792],
            [68.058, 71.599],
            [67.928, 71.449],
            [67.805, 71.335],
            [67.642, 71.335],
            [67.501, 71.349],
            [67.423, 71.385],
            [67.322, 71.513],
            [67.266, 71.62],
            [67.232, 71.763],
            [67.204, 71.927]
        ]
    },
    {
        "id": "tLIF_cCzpO",
        "points": [
            [68.046, 72.184],
            [68.282, 72.256],
            [68.316, 71.877],
            [68.125, 71.863]
        ]
    },
    {
        "id": "W77-gsq1ix",
        "points": [
            [68.344, 71.52],
            [68.327, 72.991],
            [69.456, 73.026],
            [69.456, 71.499]
        ]
    },
    {
        "id": "YXzXrXib9w",
        "points": [
            [67.047, 35.461],
            [67.435, 32.363],
            [67.057, 32.628],
            [66.728, 35.334]
        ]
    },
    {
        "id": "6GxSzgAdz8",
        "points": [
            [66.907, 31.44],
            [66.907, 32.73],
            [67.624, 32.034]
        ]
    },
    {
        "id": "yj9PFK-g-Q",
        "points": [
            [64.609, 31.807],
            [66.868, 32.287],
            [66.868, 31.857],
            [64.837, 31.427]
        ]
    },
    {
        "id": "XJ-6hCDpuD",
        "points": [
            [63.534, 31.099],
            [64.011, 32.034],
            [64.509, 31.971],
            [64.997, 31.099]
        ]
    },
    {
        "id": "UIpu5dLn2j",
        "points": [
            [62.698, 31.478],
            [63.773, 31.642],
            [63.613, 31.314],
            [62.698, 31.137]
        ]
    },
    {
        "id": "A4lc9O_brl",
        "points": [
            [63.862, 29.341],
            [63.862, 31.061],
            [64.688, 31.035],
            [64.688, 29.354]
        ]
    },
    {
        "id": "TVwypM1j5V",
        "points": [
            [61.981, 31.731],
            [62.18, 31.807],
            [62.389, 31.794],
            [62.539, 31.63],
            [62.608, 31.541],
            [62.668, 31.225],
            [62.628, 30.896],
            [62.489, 30.77],
            [62.34, 30.681],
            [62.21, 30.707],
            [62.011, 30.707],
            [61.832, 30.896],
            [61.772, 31.086],
            [61.772, 31.263],
            [61.772, 31.402],
            [61.802, 31.516],
            [61.852, 31.604]
        ]
    },
    {
        "id": "JaSCVP71Y7",
        "points": [
            [62.429, 30.681],
            [62.638, 29.227],
            [62.35, 29.177],
            [62.16, 30.606]
        ]
    },
    {
        "id": "B4FycXF2_P",
        "points": [
            [62.051, 27.685],
            [62.051, 29.126],
            [63.146, 29.126],
            [63.176, 27.672]
        ]
    },
    {
        "id": "ODkwZ9WAxN",
        "points": [
            [70.663, 37.915],
            [70.676, 38.757],
            [71.67, 38.757],
            [71.657, 37.915]
        ]
    },
    {
        "id": "IYdlokdm8Q",
        "points": [
            [70.743, 38.824],
            [71.233, 38.807],
            [71.233, 39.497],
            [70.756, 39.077]
        ]
    },
    {
        "id": "nQZ_x-EjqD",
        "points": [
            [70.517, 39.077],
            [70.504, 40.288],
            [70.782, 40.372],
            [71.418, 39.716]
        ]
    },
    {
        "id": "AA2EOR5oIA",
        "points": [
            [71.259, 39.935],
            [75.273, 40.238],
            [75.246, 39.884],
            [71.471, 39.615]
        ]
    },
    {
        "id": "VsLUam_n3h",
        "points": [
            [75.286, 39.43],
            [75.286, 40.759],
            [76.081, 40.069]
        ]
    },
    {
        "id": "7XCjqHmOx8",
        "points": [
            [75.908, 39.868],
            [76.028, 38.0],
            [75.683, 37.932],
            [75.564, 39.598]
        ]
    },
    {
        "id": "cbT01HMKR9",
        "points": [
            [75.842, 37.899],
            [75.961, 37.899],
            [76.107, 37.865],
            [76.24, 37.697],
            [76.346, 37.545],
            [76.438, 37.242],
            [76.266, 36.939],
            [76.041, 36.771],
            [75.908, 36.771],
            [75.75, 36.771],
            [75.604, 36.855],
            [75.485, 37.024],
            [75.445, 37.293],
            [75.471, 37.528],
            [75.591, 37.697],
            [75.683, 37.831]
        ]
    },
    {
        "id": "BmqnCeKZ6g",
        "points": [
            [75.803, 35.879],
            [75.803, 36.721],
            [76.16, 36.771],
            [76.16, 35.896]
        ]
    },
    {
        "id": "IDq0bjm93Q",
        "points": [
            [75.511, 34.449],
            [75.524, 35.862],
            [76.664, 35.846],
            [76.664, 34.482]
        ]
    },
    {
        "id": "x6mb0NWaax",
        "points": [
            [74.778, 16.677],
            [75.502, 15.956],
            [74.761, 15.309]
        ]
    },
    {
        "id": "hI0p28JVdd",
        "points": [
            [75.304, 16.259],
            [75.789, 16.27],
            [75.847, 15.988],
            [75.526, 15.967]
        ]
    },
    {
        "id": "QTeEjDwOsX",
        "points": [
            [75.839, 16.333],
            [75.921, 16.573],
            [76.044, 16.698],
            [76.168, 16.782],
            [76.382, 16.782],
            [76.562, 16.698],
            [76.653, 16.552],
            [76.735, 16.27],
            [76.735, 15.936],
            [76.604, 15.8],
            [76.456, 15.643],
            [76.308, 15.653],
            [76.143, 15.706],
            [76.036, 15.789],
            [75.946, 15.967],
            [75.888, 16.145]
        ]
    },
    {
        "id": "AkWhMWQeS5",
        "points": [
            [66.37, 36.143],
            [66.46, 36.383],
            [66.579, 36.472],
            [66.689, 36.561],
            [66.838, 36.561],
            [66.987, 36.51],
            [67.106, 36.434],
            [67.236, 36.206],
            [67.256, 35.928],
            [67.146, 35.663],
            [67.017, 35.511],
            [66.808, 35.397],
            [66.609, 35.435],
            [66.519, 35.6],
            [66.45, 35.739],
            [66.39, 35.916]
        ]
    },
    {
        "id": "K407ysDy3X",
        "points": [
            [59.54, 21.766],
            [60.665, 21.781],
            [60.708, 23.194],
            [59.545, 23.181]
        ]
    },
    {
        "id": "yN8s8h1Kcu",
        "points": [
            [57.532, 22.19],
            [57.414, 22.833],
            [57.173, 22.692],
            [57.211, 22.456]
        ]
    },
    {
        "id": "HS7oTIiCtV",
        "points": [
            [56.821, 23.72],
            [57.631, 23.045],
            [56.797, 22.378]
        ]
    },
    {
        "id": "0NRzYxPDSE",
        "points": [
            [57.278, 23.383],
            [57.038, 24.686],
            [56.803, 24.521],
            [56.97, 23.642]
        ]
    },
    {
        "id": "QMQNm20xIv",
        "points": [
            [56.518, 25.534],
            [57.211, 24.929],
            [56.506, 24.262]
        ]
    },
    {
        "id": "qaexB3nCnG",
        "points": [
            [57.044, 25.133],
            [57.89, 25.338],
            [57.971, 24.969],
            [57.155, 24.788],
            [57.229, 24.914]
        ]
    },
    {
        "id": "QqKghFxDLs",
        "points": [
            [57.414, 23.289],
            [58.057, 23.485],
            [58.113, 23.124],
            [57.668, 23.037]
        ]
    },
    {
        "id": "JfSkBThI-w",
        "points": [
            [57.581, 22.15],
            [58.205, 22.245],
            [58.249, 21.876],
            [57.853, 21.821]
        ]
    },
    {
        "id": "b3Qu5o51r_",
        "points": [
            [57.835, 20.91],
            [58.428, 21.09],
            [58.477, 20.667],
            [58.088, 20.619]
        ]
    },
    {
        "id": "RFtqJaneR5",
        "points": [
            [58.236, 22.26],
            [58.298, 22.511],
            [58.385, 22.629],
            [58.477, 22.684],
            [58.644, 22.794],
            [58.774, 22.794],
            [58.996, 22.629],
            [59.145, 22.409],
            [59.151, 22.19],
            [59.114, 21.868],
            [58.91, 21.664],
            [58.539, 21.648],
            [58.329, 21.938]
        ]
    },
    {
        "id": "KVhq7lJAP8",
        "points": [
            [58.137, 23.681],
            [58.378, 23.94],
            [58.644, 23.995],
            [58.86, 23.854],
            [58.978, 23.618],
            [59.009, 23.249],
            [58.879, 22.975],
            [58.749, 22.896],
            [58.607, 22.825],
            [58.434, 22.841],
            [58.236, 22.935],
            [58.193, 23.1],
            [58.144, 23.359],
            [58.119, 23.571]
        ]
    },
    {
        "id": "NScLJtWd-U",
        "points": [
            [58.199, 24.749],
            [58.607, 24.788],
            [58.829, 25.079],
            [58.848, 25.4],
            [58.755, 25.628],
            [58.595, 25.856],
            [58.335, 25.871],
            [58.107, 25.754],
            [57.958, 25.448],
            [57.94, 25.181],
            [57.983, 25.039],
            [58.125, 24.835]
        ]
    },
    {
        "id": "GnmFmdN1rj",
        "points": [
            [58.922, 24.788],
            [58.941, 26.28],
            [60.078, 26.248],
            [60.072, 24.812]
        ]
    },
    {
        "id": "rS7cn8TS-v",
        "points": [
            [58.959, 23.705],
            [59.274, 23.736],
            [59.274, 23.375],
            [59.021, 23.359]
        ]
    },
    {
        "id": "2vrg6KikT6",
        "points": [
            [59.299, 22.982],
            [59.318, 24.435],
            [60.461, 24.427],
            [60.442, 22.998]
        ]
    },
    {
        "id": "K407ysDy3X",
        "points": [
            [59.54, 21.766],
            [60.665, 21.781],
            [60.708, 23.194],
            [59.545, 23.181]
        ]
    },
    {
        "id": "QnfGxHTQJE",
        "points": [
            [59.831, 20.596],
            [60.961, 20.627],
            [60.968, 22.017],
            [59.851, 22.031]
        ]
    },
    {
        "id": "BZBZO174Ny",
        "points": [
            [59.985, 19.316],
            [60.01, 20.572],
            [61.116, 20.619],
            [61.122, 19.277]
        ]
    },
    {
        "id": "9qiqFv7gxv",
        "points": [
            [60.065, 17.809],
            [60.078, 19.261],
            [61.227, 19.316],
            [61.215, 17.793]
        ]
    },
    {
        "id": "SIAsetMcbX",
        "points": [
            [59.843, 18.555],
            [60.041, 18.594],
            [60.028, 18.241],
            [59.911, 18.241]
        ]
    },
    {
        "id": "tuV1EHfg5g",
        "points": [
            [59.695, 19.913],
            [59.954, 20.007],
            [59.966, 19.63],
            [59.713, 19.513]
        ]
    },
    {
        "id": "CdRCzZLbxZ",
        "points": [
            [59.12, 20.172],
            [59.361, 20.156],
            [59.503, 20.07],
            [59.639, 19.882],
            [59.67, 19.638],
            [59.67, 19.387],
            [59.54, 19.199],
            [59.429, 19.112],
            [59.281, 19.018],
            [59.169, 19.042],
            [59.04, 19.089],
            [58.916, 19.23],
            [58.823, 19.426],
            [58.805, 19.583],
            [58.817, 19.803],
            [58.873, 19.984],
            [58.972, 20.093]
        ]
    },
    {
        "id": "A8R9CuZ0wx",
        "points": [
            [59.318, 18.814],
            [59.484, 18.806],
            [59.658, 18.735],
            [59.75, 18.602],
            [59.824, 18.406],
            [59.855, 18.162],
            [59.8, 17.942],
            [59.707, 17.762],
            [59.528, 17.668],
            [59.336, 17.668],
            [59.206, 17.73],
            [59.083, 17.895],
            [59.009, 18.084],
            [58.947, 18.288],
            [58.947, 18.429],
            [59.083, 18.625],
            [59.176, 18.751]
        ]
    },
    {
        "id": "lEt6rJaIxM",
        "points": [
            [58.434, 18.084],
            [58.582, 17.864],
            [59.009, 17.966],
            [58.897, 18.296]
        ]
    },
    {
        "id": "YE9hVjsqdp",
        "points": [
            [55.356, 8.449],
            [55.368, 9.312],
            [56.351, 9.218],
            [56.357, 8.48]
        ]
    },
    {
        "id": "6eIZVSJPVG",
        "points": [
            [55.424, 9.336],
            [55.424, 9.54],
            [56.295, 9.579],
            [56.301, 9.289]
        ]
    },
    {
        "id": "JlFbM8bUql",
        "points": [
            [55.133, 10.788],
            [55.949, 10.741],
            [56.388, 10.239],
            [56.425, 10.097],
            [56.171, 9.65],
            [55.164, 9.54]
        ]
    },
    {
        "id": "YD_v4iN3Uz",
        "points": [
            [63.255, 34.639],
            [63.255, 36.181],
            [64.36, 36.143],
            [64.37, 34.677]
        ]
    },
    {
        "id": "PDS-ACeNG-",
        "points": [
            [64.4, 35.701],
            [66.3, 36.105],
            [66.36, 35.701],
            [64.42, 35.284]
        ]
    },
    {
        "id": "AkWhMWQeS5",
        "points": [
            [66.37, 36.143],
            [66.46, 36.383],
            [66.579, 36.472],
            [66.689, 36.561],
            [66.838, 36.561],
            [66.987, 36.51],
            [67.106, 36.434],
            [67.236, 36.206],
            [67.256, 35.928],
            [67.146, 35.663],
            [67.017, 35.511],
            [66.808, 35.397],
            [66.609, 35.435],
            [66.519, 35.6],
            [66.45, 35.739],
            [66.39, 35.916]
        ]
    },
    {
        "id": "接入点_from_K407ysDy3X",
        "points": [
            [59.54, 21.766],
            [60.665, 21.781],
            [60.708, 23.194],
            [59.545, 23.181]
        ]
    }
]
